486.6421
485.9925
484.5816
482.9158
481.3547
479.8139
478.6112
477.6953
476.8904
476.0344
475.4871
475.3705
473.685
472.5346
471.4241
470.8905
470.7847
471.0328
471.5725
472.1409
472.9755
474.562
475.973
478.0356
480.9268
484.6172
488.4671
493.0397
496.3907
499.5049
502.1609
502.3535
507.051
510.0434
513.0337
515.7397
518.3005
519.4603
522.3652
525.0004
526.3442
527.4537
528.2495
528.4722
528.2727
528.7729
530.4707
532.4557
534.3866
536.8969
537.1771
536.7548
535.5007
532.6301
532.8462
534.0541
534.6877
536.8223
537.7441
538.4932
538.4133
538.5851
538.6672
539.1561
540.0695
540.9548
541.4972
543.2689
544.5702
546.1216
547.3663
549.2075
550.0382
551.1752
552.4778
553.8464
554.5919
554.204
554.0184
553.985
553.7679
553.558
554.2628
555.3552
556.578
557.3815
558.0168
558.2529
558.5378
558.5939
558.4572
558.6691
558.9874
559.0125
559.0251
559.3483
559.8133
559.967
560.1469
560.1008
560.2079
560.1548
560.2468
560.0598
560.1032
560.3609
560.485
560.4216
560.3271
560.2751
560.1644
560.2599
560.3396
560.2524
560.1498
560.0121
559.2546
559.0797
558.7117
558.0206
557.8414
557.6948
557.6707
557.592
557.5757
557.8605
557.7156
559.1997
559.4083
559.9957
560.0145
560.0939
560.3424
560.5433
561.2404
561.2399
561.1069
560.4392
560.1523
559.7029
557.5088
556.8769
556.3779
544.269
536.9766
536.2039
528.6366
524.4357
524.3089
523.8157
520.9008
523.4484
529.0512
530.389
533.0812
533.1989
532.774
532.5125
530.8203
530.7703
530.6947
531.0428
529.8892
526.4664
526.2419
526.5864
526.2003
525.0898
525.0618
525.0323
524.2507
523.708
523.7115
523.6349
524.4401
524.3135
525.5272
528.62
529.2304
530.4902
530.3653
532.047
537.7355
539.368
542.2869
545.6189
551.363
555.0431
556.6094
558.0723
554.9857
549.9286
540.3591
538.5316
534.28
516.9718
514.3459
510.0833
510.0493
509.3512
509.4779
511.3574
512.4542
518.4466
521.163
522.939
523.2529
524.506
525.2929
526.5529
526.9434
527.3757
527.6844
528.1683
529.3026
532.0078
533.4834
535.0656
536.0421
537.3806
538.6116
539.8521
541.0739
541.6769
542.1722
542.7325
543.0024
543.2627
543.5686
543.916
544.4116
544.8171
545.1481
545.3864
545.6707
545.9244
546.1333
546.3915
546.9052
547.0195
547.3036
547.5167
547.6502
547.7826
547.8773
547.9983
548.1166
548.1658
548.2729
548.2381
548.3203
548.4316
548.1351
548.1685
548.0066
547.7542
547.1381
546.1848
545.5633
544.8916
543.5922
542.3529
540.7571
539.4932
538.1486
537.1409
536.358
535.9097
535.6489
535.9296
536.6068
537.1379
537.4396
537.7826
537.8542
537.956
538.1246
538.4298
538.7614
539.0894
539.1816
539.3075
539.3463
539.5168
539.5536
539.5939
539.6667
539.7926
539.8663
539.8951
539.922
539.1172
538.2442
537.5258
537.3009
536.7958
536.5424
536.2892
536.1671
535.8408
535.7015
535.7103
535.6694
535.7079
535.6833
535.7484
535.8813
536.0031
536.2516
536.4635
537.2468
537.2753
537.934
537.9279
537.9152
537.9615
538.0416
538.0823
538.1177
538.1367
538.208
538.1934
538.1337
538.1569
538.5352
538.3711
538.241
537.9886
537.642
537.2532
536.9858
536.6268
536.5677
536.351
536.1353
535.9732
535.6826
535.4718
535.28
535.2452
535.2571
535.3058
535.3846
535.5212
535.7608
536.0501
536.5337
536.9995
537.3834
537.8052
538.4567
538.8376
539.4309
539.9581
540.4708
540.827
541.2007
541.3587
541.4703
541.5864
541.6337
541.6995
541.6782
541.642
541.5957
541.4841
541.4253
541.4474
541.5044
541.5943
541.7097
541.8656
542.0797
542.481
542.6743
543.2216
543.5193
543.78
543.8925
544.0723
544.11
543.9354
543.9172
543.5609
543.2533
543.1672
542.8559
542.54
542.5275
542.5147
542.3435
542.2381
542.167
542.1308
541.9691
541.879
541.7145
541.7785
541.8702
541.9287
541.6603
541.1045
540.2692
538.7731
537.4538
536.8157
536.1218
535.5855
535.7296
536.4091
537.5166
538.3678
539.1228
540.0436
541.083
542.0484
543.6889
545.3832
546.8777
548.1898
549.4757
550.5314
552.0966
552.9967
554.0368
555.8732
557.2278
558.3177
558.5089
559.6981
560.7615
561.5111
562.179
562.9657
563.4645
563.8538
564.2009
564.4415
564.5831
564.6206
564.6678
564.5475
564.0231
562.379
560.347
559.9492
560.8679
566.3602
567.5673
570.1338
568.73
568.3505
568.6418
569.1276
567.445
567.0103
566.9863
565.9016
565.4329
564.8785
564.596
564.3818
563.7968
563.7594
563.8271
563.8938
564.001
564.0123
564.1147
564.296
564.4971
564.5709
564.6277
564.6183
564.5602
564.6095
564.1568
563.8842
563.8292
563.93
564.4139
564.9329
563.1672
533.6381
574.6013
558.7864
558.9564
559.2906
560.3021
560.6157
561.939
562.8672
563.3824
563.6223
563.7704
564.2789
564.3731
564.8066
565.4642
565.8517
566.1163
566.4493
566.6635
566.9017
567.1339
567.3149
567.4432
567.7483
568.5361
568.6355
569.0741
569.1234
569.198
569.1876
569.2102
569.252
569.424
569.5278
569.538
569.6647
569.7046
569.9048
569.7922
569.7579
569.6491
569.5781
569.4283
569.3068
569.2491
569.2119
568.9776
568.6588
568.0732
567.4621
566.6632
565.7159
564.5621
563.4145
560.5369
558.9149
557.3615
556.1712
554.819
553.5208
552.6873
552.6443
551.0924
550.8884
549.5023
548.5858
547.7999
547.4052
546.8101
546.3173
545.7033
545.0739
544.5041
544.2458
543.9496
543.69
543.6167
543.5157
543.4705
539.5917
539.6225
539.6464
539.8779
542.504
544.4619
546.6584
547.6591
547.6721
547.696
547.7291
547.741
547.791
547.9366
548.1232
548.3476
548.9804
549.1235
549.7794
550.4833
551.4523
551.2177
551.095
551.0031
550.8785
550.8354
550.8319
550.2156
549.8167
548.9897
548.6753
548.5521
548.3268
548.0682
547.8249
547.6584
547.5524
547.418
547.3345
547.2404
547.1761
547.1715
547.1025
547.0521
546.9692
546.7902
546.608
546.3553
546.0632
545.7155
545.355
544.9794
544.4915
544.325
544.1973
544.0754
543.9734
544.1841
544.338
544.6841
544.8547
545.3398
545.8232
546.3411
546.9221
547.4844
547.6329
547.878
548.3282
548.7413
549.072
549.8466
550.124
550.3862
550.8874
551.0717
551.3543
551.547
551.6599
551.9238
552.1488
552.2224
552.3473
552.3176
552.2947
552.2337
552.1734
552.3734
552.9189
553.7014
553.7581
553.5487
553.6164
553.5363
554.3378
554.8142
554.9203
555.3054
554.1045
553.1138
550.7378
548.7493
546.9359
545.9697
545.0352
550.8655
550.6714
554.9704
556.1106
556.2308
564.4611
582.6298
583.6581
556.7115
556.5208
557.7754
558.0938
588.1313
581.3259
583.4155
574.2416
571.7864
570.8892
571.7518
570.348
569.8003
569.1128
568.3933
567.949
567.2262
563.5447
563.645
572.6276
570.5837
573.4838
575.2732
573.8108
569.7356
568.2395
572.6009
572.1363
570.4851
573.6177
573.2651
571.311
570.0739
569.3314
568.8096
568.335
568.1658
568.0134
569.0264
568.6679
568.3234
567.9524
568.5924
569.0193
543.8387
542.9316
542.1285
541.64
541.2819
540.7758
540.6711
540.5447
537.8967
535.5885
535.6936
535.9617
535.8973
526.2689
517.7251
516.4432
519.025
509.5009
509.6426
510.0382
510.7339
509.9054
510.7872
512.2217
514.3007
516.9338
518.1543
522.7227
523.2585
527.6275
530.457
533.1171
535.5677
537.6326
538.5533
540.703
542.021
543.2245
544.0122
544.8101
545.7241
546.3083
546.746
547.0626
547.041
546.8369
546.2504
545.2529
543.9496
542.1057
535.6351
533.6447
531.925
555.7148
555.3262
542.5524
497.9809
504.9774
511.7121
513.702
514.4131
515.1432
515.9236
516.5195
520.2118
521.503
522.7676
523.148
523.2227
523.5994
523.5081
523.5351
523.5398
523.3136
523.3496
523.3506
523.4379
523.5977
523.8303
523.8325
524.0164
524.0894
524.2499
524.4122
524.8336
525.0976
525.4123
525.6535
525.8834
526.2625
526.4306
526.618
526.7472
526.9291
527.0146
527.2255
527.4534
527.3329
526.6563
525.6985
524.4128
533.6835
535.0717
535.239
533.2622
529.8934
527.6265
525.4868
523.3171
521.8802
520.7883
519.9656
518.8477
517.1431
514.3168
517.1665
530.5126
542.631
537.5748
531.976
527.7669
528.0167
528.2219
527.9377
526.3384
525.3203
524.5498
524.2612
523.9106
523.8545
523.838
523.8286
524.5192
525.2541
526.098
526.6409
526.3182
523.1674
512.2926
503.9101
499.6853
533.6035
519.8008
507.9077
505.5069
504.5451
504.3668
505.5019
507.2912
508.6816
511.075
512.8405
512.8966
513.045
514.0381
514.9075
515.6958
516.3168
517.0648
517.4692
517.7418
517.9686
518.2148
518.4788
518.9923
519.4548
520.0946
521.082
521.8943
520.7758
516.965
518.54
537.3992
539.0715
527.3916
529.1497
529.3674
529.3933
529.4361
529.4308
529.3942
529.4162
529.4876
527.828
528.2487
528.7062
529.4813
530.3141
527.7147
515.1749
515.5607
538.7631
538.2781
530.0016
515.4857
510.6617
512.5165
515.4753
518.0562
519.7989
525.9651
527.7853
529.3152
530.669
531.746
532.5352
533.1254
533.7313
534.333
535.1431
535.7206
536.4738
536.9931
537.6345
537.9203
538.131
538.3255
538.6232
538.8781
539.0769
539.3276
539.6537
539.8517
540.3366
553.0582
552.8543
555.613
570.4922
588.9522
603.997
618.1057
642.0779
658.9825
681.231
686.8109
697.3113
702.02
706.8351
709.2958
709.7935
708.5554
704.7817
697.606
686.9354
675.5154
659.8563
647.3788
636.2823
622.4904
608.5893
596.8846
569.0922
564.0035
556.8728
549.7393
544.6474
540.993
538.2502
536.0778
534.412
533.0461
532.1094
531.3201
530.8644
530.5758
530.277
530.0917
529.8279
529.7609
529.3349
528.9803
528.7039
528.8964
529.2676
529.6205
529.933
530.4217
531.1216
531.6119
532.0897
532.6127
533.3643
533.8852
534.6678
535.3331
536.0886
536.5875
537.0419
537.5945
538.1231
538.5035
539.0483
539.511
540.076
540.4827
541.0928
541.531
541.9612
542.4042
542.9921
543.4755
543.89
544.272
544.668
544.8378
545.0459
545.1981
545.317
545.6776
545.7612
545.7188
545.499
545.4392
545.3271
545.0646
544.8147
544.529
544.3171
544.0649
543.9332
543.8855
543.9209
544.0594
544.2419
544.4385
544.7855
545.3307
545.7649
546.1598
546.6669
547.1038
547.7094
548.2859
548.8109
549.3094
549.9057
550.3108
550.9652
551.3809
551.9077
552.6949
553.2281
553.0876
552.4971
551.4441
550.7764
549.7579
549.311
548.8234
548.0637
545.4364
544.437
540.5584
537.823
535.1777
534.4893
533.8911
533.2204
533.0394
533.0094
532.8006
528.3895
526.1708
525.7717
522.9547
522.4835
525.1195
535.8659
538.5164
540.4037
543.7491
546.1409
547.2534
547.832
548.1425
548.6417
549.0916
549.4678
549.9011
550.3276
550.8971
551.2504
551.6575
551.9535
552.2146
552.3655
552.5012
552.534
552.5549
552.6368
552.4505
552.4378
552.3873
552.2374
552.15
552.0493
551.7646
551.1359
550.5803
550.1041
549.6023
549.0094
548.0782
547.6038
546.9841
546.4844
545.3463
543.8821
542.9868
542.1611
540.1259
539.7036
539.6594
539.6813
539.7814
540.3846
541.0505
542.2739
543.1602
544.0443
544.8126
545.6836
546.6255
547.8088
548.8453
549.2601
549.8756
550.1979
550.4387
550.0032
548.6305
528.8788
528.9302
558.351
569.8007
569.2563
566.1661
548.2864
545.1302
543.8322
542.32
541.3228
540.496
539.969
539.2007
538.8652
538.4573
538.1476
538.0447
538.0182
537.6564
537.4469
537.3921
537.1899
537.1205
537.1446
537.2175
537.2413
537.3889
538.0613
538.9302
539.3529
540.0831
540.642
541.689
542.1276
542.2404
541.5436
541.8557
541.1894
540.3525
539.6007
539.1194
538.6458
538.1316
536.5547
535.4983
533.8511
533.4628
533.1501
539.7004
539.4178
537.5804
535.8991
535.0934
534.8569
560.6033
565.7209
571.8361
571.8384
571.8156
571.8046
571.8036
571.7876
571.7505
571.6832
571.6642
571.2787
571.1511
570.9968
570.855
570.7565
570.5219
570.254
570.2101
570.1003
569.9819
569.9576
569.9385
569.8766
569.8541
569.7925
569.7012
569.4241
569.1782
568.7765
568.2168
568.1696
568.0119
566.3004
566.0325
566.0458
565.9192
565.4949