4.281
4.314033
4.347167
4.3803
4.414091
4.44711
4.480132
4.513154
4.545967
4.579228
4.612233
4.645366
4.678499
4.712288
4.745308
4.77833
4.811359
4.860733
4.894404
4.927428
4.960452
4.993483
5.026503
5.059532
5.092666
5.125799
5.159583
5.192607
5.225635
5.25867
5.291672
5.324704
5.357742
5.390867
5.423999
5.457781
5.490802
5.523829
5.556847
5.58988
5.62289
5.655933
5.689066
5.7222
5.755979
5.789005
5.822025
5.855046
5.888067
5.921089
5.954133
5.987266
6.0204
6.054179
6.0872
6.120222
6.153244
6.186265
6.21929
6.252333
6.285467
6.318599
6.352389
6.385413
6.418439
6.451469
6.484484
6.517505
6.550533
6.583667
6.617572
6.650596
6.683616
6.71665
6.749669
6.782681
6.815704
6.848733
6.881866
6.91578
6.948793
6.981815
7.014838
7.04786
7.080881
7.113911
7.146933
7.180067
7.213979
7.246994
7.280014
7.313044
7.346057
7.379082
7.41211
7.445134
7.479123
7.512149
7.545172
7.594233
7.610799
7.6605
7.694267
7.726766
7.760314
7.793334
7.826355
7.859377
7.892433
7.925566
7.959444
7.99247
8.025487
8.05852
8.091532
8.124555
8.157576
8.190633
8.223765
8.2569
8.290665
8.323706
8.356717
8.38973
8.422752
8.455773
8.488833
8.521966
8.555839
8.588233
8.621883
8.654908
8.687927
8.720954
8.753983
8.787033
8.820167
8.854041
8.887061
8.920083
8.953105
8.985833
9.019149
9.052174
9.085233
9.119225
9.1515
9.18526
9.21829
9.251305
9.284333
9.317348
9.350377
9.383433
9.416567
9.450439
9.483457
9.515966
9.5491
9.582232
9.615548
9.648568
9.681633
9.714767
9.748634
9.781033
9.814696
9.8473
9.880433
9.913745
9.946768
9.979834
10.01297
10.0461
10.07923
10.11237
10.1459
10.1952
10.21197
10.245
10.27901
10.32773
10.34507
10.39406
10.41107
10.46027
10.49413
10.52654
10.55967
10.5928
10.62624
10.65907
10.69229
10.72533
10.75847
10.7916
10.82473
10.85787
10.88092
10.91405
10.94721
10.98032
11.01405
11.04659
11.07972
11.11285
11.14604
11.19644
11.21244
11.24539
11.29557
11.3117
11.34479
11.39448
11.41105
11.46167
11.47764
11.52733
11.54358
11.59329
11.60985
11.65957
11.69268
11.72582
11.75895
11.79208
11.82522
11.85883
11.89187
11.92489
11.9579
11.9749
12.02402
12.05715
12.09101
12.12403
12.15705
12.19007
12.22309
12.25612
12.28914
12.32222
12.35616
12.38849
12.42162
12.45526
12.48828
12.5213
12.55429
12.58734
12.62042
12.65355
12.68668
12.7204
12.75343
12.78609
12.81922
12.8525
12.88554
12.91862
12.95175
12.98489
13.01802
13.05115
13.08468
13.11766
13.1507
13.18373
13.21682
13.25078
13.28308
13.31682
13.34982
13.38286
13.41589
13.44891
13.48193
13.51502
13.54896
13.58199
13.615
13.64755
13.68105
13.71408
13.7471
13.78012
13.81322
13.84717
13.87949
13.91262
13.94575
13.97889
14.01202
14.04531
14.09534
14.12833
14.16112
14.19439
14.21141
14.26052
14.29365
14.3275
14.35992
14.39305
14.42619
14.45932
14.49261
14.52561
14.55872
14.59185
14.62498
14.65812
14.69172
14.72475
14.75776
14.79078
14.82382
14.85692
14.89005
14.92319
14.95691
14.98945
15.02259
15.05595
15.08901
15.12202
15.15512
15.18906
15.22139
15.2551
15.28812
15.32079
15.35419
15.38718
15.42021
15.45332
15.48725
15.51959
15.5533
15.58633
15.61935
15.65212
15.68538
15.7184
15.75152
15.78546
15.81779
15.85092
15.88405
15.91719
15.95032
15.98358
16.0166
16.04972
16.08285
16.11666
16.14912
16.18225
16.21572
16.24852
16.28179
16.31481
16.34792
16.38105
16.41488
16.44732
16.48093
16.51395
16.54672
16.57985
16.61301
16.64612
16.67925
16.71239
16.74552
16.79522
16.81178
16.86148
16.8782
16.92821
16.9452
16.99427
17.01059
17.06029
17.09342
17.12655
17.15969
17.19282
17.22642
17.25945
17.29246
17.32535
17.35848
17.37549
17.42475
17.45855
17.4916
17.52415
17.55761
17.59066
17.62368
17.65671
17.68982
17.72295
17.75677
17.78922
17.82282
17.85585
17.88862
17.92175
17.9549
17.98802
18.02115
18.05498
18.08742
18.12056
18.15403
18.18705
18.22007
18.25309
18.28622
18.31935
18.35249
18.38562
18.41876
18.45189
18.48525
18.51815
18.55129
18.58442
18.61755
18.65068
18.68382
18.71695
18.75036
18.78322
18.81635
18.84949
18.88262
18.91631
18.94975
18.98275
19.01515
19.04829
19.08165
19.11455
19.1485
19.1809
19.21395
19.24793
19.28022
19.31398
19.34649
19.38005
19.41306
19.44609
19.47902
19.51215
19.54614
19.59517
19.61155
19.66125
19.69439
19.72752
19.76065
19.79379
19.82735
19.86035
19.89337
19.92638
19.95945
19.97644
20.02572
20.05885
20.09199
20.12512
20.15825
20.17557
20.2246
20.25766
20.29078
20.32392
20.35705
20.39018
20.42332
20.45645
20.48978
20.5228
20.55585
20.58899
20.62212
20.65589
20.68839
20.72193
20.75495
20.78796
20.82099
20.85405
20.88719
20.92106
20.95407
20.98709
21.02012
21.05316
21.08618
21.11918
21.15225
21.18538
21.21852
21.25165
21.28479
21.31792
21.35134
21.38436
21.41738
21.45045
21.48359
21.51672
21.55046
21.58298
21.6165
21.64925
21.68239
21.71557
21.74865
21.78263
21.81492
21.84805
21.88119
21.9147
21.94775
21.98077
22.01379
22.04782
22.07998
22.11312
22.14625
22.17939
22.21252
22.26293
22.27897
22.31199
22.36162
22.39475
22.41203
22.46107
22.49415
22.52728
22.56042
22.59418
22.62669
22.66021
22.69324
22.72627
22.75928
22.79235
22.82549
22.85862
22.89238
22.92488
22.95842
22.99142
23.02448
23.05749
23.09055
23.12451
23.15682
23.18995
23.22309
23.2566
23.28964
23.32266
23.35567
23.38875
23.42188
23.45574
23.48815
23.52179
23.5548
23.58783
23.62086
23.65388
23.68695
23.72092
23.75322
23.78635
23.81999
23.85302
23.88575
23.91908
23.95208
23.98515
24.01912
24.05142
24.08516
24.11769
24.1512
24.18423
24.21708
24.25028
24.28335
24.31649
24.34962
24.38337
24.41638
24.44941
24.48241
24.51543
24.54846
24.58249
24.61469
24.64853
24.68154
24.71458
24.74762
24.78035
24.81363
24.86318
24.87975
24.91289
24.94675
24.99577
25.01278
25.06199
25.09585
25.11183
25.16187
25.19491
25.21108
25.26094
25.29396
25.32797
25.36101
25.39403
25.41003
25.45959
25.49309
25.52614
25.55914
25.59214
25.62525
25.65839
25.69223
25.72525
25.75828
25.79129
25.82432
25.85734
25.89036
25.92348
25.95754
25.98972
26.02319
26.05628
26.08321
26.11635
26.14954
26.18308
26.21604
26.24888
26.2826
26.31515
26.35846
26.3908
26.42454
26.45707
26.4902
26.5076
26.55663
26.58965
26.62274
26.65669
26.689
26.72214
26.75576
26.78879
26.8218
26.85484
26.88785
26.92094
26.95489
26.9872
27.02034
27.05396
27.0866
27.11974
27.15302
27.18605
27.21914
27.25227
27.2854
27.31916
27.35216
27.38518
27.4182
27.45122
27.48425
27.51734
27.55047
27.58431
27.61733
27.65036
27.68338
27.71614
27.74942
27.78244
27.81554
27.84867
27.8818
27.91553
27.94855
27.9812
28.0146
28.04762
28.08064
28.11374
28.14769
28.18
28.21373
28.26283
28.2794
28.3128
28.36283
28.37884
28.41194
28.46189
28.4782
28.52794
28.54447
28.59499
28.61099
28.66044
28.69406
28.72708
28.75984
28.79313
28.82615
28.85924
28.89237
28.90894
28.95864
28.97524
29.02528
29.05829
29.09131
29.1243
29.15744
29.19057
29.2237
29.25684
29.29045
29.32347
29.35649
29.38952
29.42253
29.45564
29.48877
29.5219
29.55564
29.58866
29.62169
29.65471
29.68757
29.72075
29.75384
29.7878
29.82082
29.85384
29.88686
29.9195
29.95291
29.98594
30.01895
30.05204
30.08517
30.1183
30.15144
30.18506
30.21808
30.25111
30.28413
30.31715
30.35024
30.38337
30.4165
30.45023
30.48324
30.51627
30.54928
30.58217
30.61534
30.64844
30.68157
30.71539
30.74784
30.78144
30.81446
30.84751
30.8805
30.91352
30.94664
30.97977
31.0129
31.06262
31.07963
31.11266
31.162
31.19571
31.21172
31.24575
31.29478
31.3118
31.34481
31.39394
31.41085
31.4602
31.49334
31.52647
31.55995
31.59274
31.62601
31.65903
31.69214
31.70905
31.7584
31.79154
31.82513
31.85815
31.89117
31.90819
31.95723
31.99034
32.02427
32.0566
32.08974
32.12287
32.15636
32.18937
32.22227
32.25542
32.28944
32.32249
32.3555
32.38794
32.42153
32.45455
32.48758
32.52059
32.55362
32.58764
32.62066
32.65368
32.6867
32.71973
32.75275
32.78554
32.81879
32.85181
32.88494
32.91807
32.95188
32.98434
33.01793
33.0506
33.08397
33.117
33.15001
33.18404
33.21627
33.25022
33.28254
33.31624
33.35534
33.38802
33.42772
33.46006
33.4936
33.52633
33.56017
33.59317
33.62641
33.65888
33.692
33.70856
33.75842
33.79144
33.82547
33.84148
33.89151
33.92454
33.95755
33.99019
34.02359
34.05662
34.08964
34.12273
34.15586
34.1897
34.22213
34.25575
34.28877
34.32179
34.35481
34.38784
34.42093
34.45406
34.48719
34.52033
34.55395
34.58697
34.61999
34.65302
34.68604
34.71913
34.75226
34.78539
34.81913
34.85166
34.88518
34.91819
34.95106
34.98423
35.01826
35.05046
35.0836
35.11732
35.15034
35.1834
35.21639
35.24944
35.28245
35.31553
35.34948
35.38179
35.41552
35.44806
35.48156
35.51458
35.54761
35.58063
35.61373
35.64686
35.67999
35.71372
35.76283
35.77976
35.81279
35.84581
35.89584
35.91193
35.96163
35.99491
36.01133
36.06103
36.09416
36.12729
36.16043
36.19404
36.21012
36.25983
36.29313
36.30953
36.35923
36.37619
36.42549
36.45863
36.49227
36.50833
36.5583
36.59116
36.62433
36.65743
36.69056
36.72369
36.75744
36.78996
36.82309
36.85649
36.8895
36.92252
36.95563
36.98876
37.02189
37.05561
37.08864
37.12129
37.15469
37.18771
37.22075
37.25383
37.28696
37.3201
37.35384
37.38686
37.41987
37.45263
37.48592
37.51894
37.55203
37.58598
37.61829
37.65203
37.68456
37.71807
37.75109
37.78412
37.81713
37.85023
37.88336
37.91722
37.94963
37.98325
38.01628
38.0493
38.08232
38.11534
38.14843
38.18238
38.2154
38.24843
38.28145
38.31446
38.34723
38.38036
38.41351
38.44663
38.47976
38.51358
38.56261
38.57916
38.61265
38.66269
38.67869
38.71172
38.74483
38.79477
38.81109
38.86081
38.89392
38.92706
38.96088
38.99333
39.02693
39.04303
39.09296
39.12586
39.15901
39.17602
39.22526
39.25839
39.2921
39.32513
39.35815
39.39093
39.42418
39.45721
39.49033
39.52346
39.55659
39.58973
39.62286
39.65635
39.68936
39.7224
39.75541
39.78853
39.82166
39.85548
39.88793
39.92106
39.95454
39.98733
40.02058
40.0536
40.08673
40.11986
40.15299
40.18613
40.21926
40.25239
40.28577
40.31866
40.3518
40.38493
40.41806
40.45119
40.48433
40.51746
40.55094
40.58373
40.6213
40.65444
40.68757
40.72071
40.75384
40.78697
40.8201
40.85324
40.88637
40.91972
40.95264
40.98577
41.01891
41.05204
41.08538
41.11831
41.15202
41.18457
41.2177
41.25163
41.28397
41.31785
41.35032
41.38337
41.41401
41.46371
41.52422
41.55728
41.59015
41.62328
41.65673
41.68955
41.7232
41.75582
41.78895
41.85083
41.88437
41.9171
41.95023
41.98336
42.01649
42.05052
42.08276
42.11637
42.14949
42.18216
42.21537
42.24843
42.28156
42.31527
42.34783
42.38096
42.41411
42.44723
42.48076
42.51352
42.54667
42.58048
42.61289
42.66337
42.67928
42.71249
42.76199
42.79513
42.81217
42.86191
42.87796
42.92795
42.98969
43.02319
43.0557
43.08925
43.12197
43.1551
43.18896
43.22188
43.2545
43.28801
43.32077
43.35463
43.38704
43.42017
43.4533
43.48654
43.51957
43.5527
43.58585
43.61912
43.65212
43.68575
43.71912
43.75172
43.78477
43.81777
43.85131
43.88403
43.91784
43.95076
43.98344
44.02643
44.04279
44.09249
44.12562
44.15963
44.19189
44.20872
44.2424
44.29129
44.32538
44.35756
44.39069
44.45059
44.48372
44.51781
44.55144
44.58463
44.61781
44.6516
44.68398
44.71719
44.75024
44.78337
44.81654
44.84964
44.88356
44.91591
44.94986
44.98221
45.01531
45.04876
45.08158
45.11471
45.14784
45.18122
45.21425
45.24724
45.28065
45.31427
45.34664
45.37978
45.41291
45.44604
45.47926
45.51245
45.54573
45.57858
45.61216
45.64532
45.69454
45.72768
45.78599
45.82023
45.85398
45.88647
45.91961
45.95274
45.98618
46.01931
46.05214
46.08527
46.11841
46.15402
46.18732
46.21555
46.24868
46.2877
46.32058
46.34832
46.38145
46.41459
46.44775
46.48085
46.51439
46.54712
46.58025
46.61396
46.64735
46.68005
46.71278
46.74636
46.77944
46.81218
46.86263
46.87865
46.91158
46.94526
46.97811
47.01128
47.04445
47.09382
47.12695
47.18758
47.22144
47.25493
47.28794
47.32128
47.35406
47.38805
47.42024
47.45338
47.48707
47.52055
47.55302
47.58591
47.61904
47.65239
47.68531
47.71844
47.75198
47.78471
47.81825
47.85098
47.88458
47.91724
47.95102
47.98403
48.01664
48.05049
48.08291
48.1163
48.14918
48.18231
48.22482
48.25795
48.29108
48.30765
48.35735
48.39082
48.42362
48.45675
48.48988
48.52302
48.55669
48.58929
48.62242
48.65631
48.68869
48.72222
48.75539
48.78835
48.8213
48.85435
48.88783
48.92111
48.95375
48.98689
49.02002
49.05315
49.08628
49.11982
49.15334
49.18614
49.21882
49.25195
49.28513
49.31822
49.35135
49.38535
49.41775
49.45168
49.48389
49.5172
49.55046
49.58355
49.61671
49.64955
49.68269
49.71582
49.74963
49.78283
49.81543
49.84835
49.88148
49.91544
49.94775
49.98088
50.01402
50.04755
50.08103
50.11342
50.14658
50.17974
50.21282
50.24651
50.27917
50.31271
50.34578
50.37849
50.41162
50.44475
50.47832
50.51126
50.54441
50.57729
50.61044
50.64355
50.69325
50.71033
50.76043
50.77608
50.82579
50.85892
50.89205
50.90897
50.95832
50.97549
51.02459
51.05831
51.09085
51.15326
51.18639
51.21969
51.25266
51.28645
51.31893
51.35206
51.38519
51.41867
51.45155
51.48468
51.51773
51.55167
51.58399
51.61713
51.6505
51.6862
51.71933
51.74618
51.77975
51.81256
51.8462
51.87936
51.91208
51.94524
51.97864
52.02794
52.06107
52.11793
52.15247
52.18571
52.21873
52.25187
52.285
52.31813
52.35191
52.3844
52.41767
52.45067
52.48464
52.51693
52.55007
52.58342
52.61646
52.64956
52.6826
52.71573
52.74887
52.782
52.81513
52.84827
52.8814
52.91507
52.94812
52.98092
53.01394
53.04707
53.0802
53.11352
53.14661
53.17988
53.21341
53.24621
53.28729
53.32029
53.35539
53.38943
53.42388
53.45702
53.49077
53.50734
53.55703
53.5904
53.6233
53.65657
53.68957
53.72319
53.75583
53.78921
53.8221
53.85524
53.88837
53.9215
53.95464
53.98827
54.0209
54.05404
54.08721
54.1203
54.15343
54.18745
54.2197
54.25283
54.28597
54.3191
54.35251
54.38537
54.4185
54.45163
54.48477
54.5179
54.55127
54.58439
54.6173
54.65044
54.68357
54.71725
54.7505
54.7836
54.8161
54.84963
54.88237
54.9155
54.9494
54.98177
55.01524
55.04848
55.08117
55.1143
55.14749
55.18131
55.2143
55.24749
55.28006
55.3131
55.34637
55.37963
55.4125
55.4462
55.47939
55.51243
55.54546
55.57899
55.61142
55.64462
55.67757
55.72727
55.76081
55.79451
55.81056
55.84362
55.87653
55.92607
55.9592
55.97594
56.02547
56.04287
56.09211
56.1083
56.158
56.19114
56.22427
56.2574
56.29053
56.32367
56.3568
56.38993
56.42307
56.4562
56.48933
56.52247
56.55604
56.58873
56.62187
56.6555
56.68862
56.72213
56.7544
56.78763
56.82067
56.85424
56.88742
56.92067
56.9532
56.98634
57.01947
57.0526
57.08574
57.11976
57.152
57.18513
57.21828
57.2514
57.28453
57.31767
57.3514
57.38413
57.41709
57.45032
57.48333
57.51714
57.55039
57.58273
57.61587
57.649
57.68236
57.71534
57.7484
57.78189
57.81467
57.8478
57.88099
57.91407
57.94753
57.98034
58.01399
58.0466
58.07973
58.11287
58.14624
58.17913
58.21249
58.26197
58.3217
58.3547
58.38757
58.4207
58.45474
58.48775
58.52052
58.55323
58.58636
58.62025
58.65319
58.68614
58.7189
58.75203
58.78516
58.8183
58.85143
58.88491
58.9177
58.95083
58.98397
59.0171
59.05031
59.08372
59.11711
59.14963
59.18277
59.21607
59.24903
59.28217
59.3153
59.34857
59.38157
59.41495
59.44783
59.48125
59.51434
59.54736
59.58047
59.61395
59.64716
59.68036
59.7129
59.74603
59.79675
59.85527
59.8883