1020.568
1020.551
1020.707
1020.941
1021.033
1021.197
1021.036
1020.748
1020.588
1020.466
1020.376
1020.356
1019.052
1018.063
1016.408
1015.127
1013.088
1009.351
1005.357
1000.849
995.2462
990.3948
985.7778
981.096
975.8731
971.7968
967.1426
962.1852
958.3691
954.7088
951.6411
951.538
946.0631
943.1429
940.334
938.67
937.3162
936.7504
935.2163
933.7974
933.2389
932.5703
932.6982
932.348
932.9595
933.1698
933.7594
933.675
933.2828
932.976
932.8646
933.3868
934.884
939.4823
940.1328
944.4672
944.6727
948.7706
952.4995
956.0365
959.9191
964.0176
967.8081
970.7736
974.3511
978.8776
981.5567
986.3483
990.0142
994.8266
997.7136
1001.783
1004.611
1007.967
1011.21
1014.919
1017.585
1018.522
1020.301
1025.895
1029.326
1030.936
1030.555
1031.198
1031.89
1032.917
1034.781
1035.579
1037.049
1038.088
1038.797
1039.729
1040.444
1043.06
1043.305
1045.398
1046.578
1046.512
1046.434
1046.583
1046.5
1046.583
1046.398
1046.101
1045.917
1045.392
1044.962
1044.408
1044.091
1043.478
1042.74
1041.584
1040.627
1039.83
1039.628
1039.252
1041.155
1040.849
1039.89
1040.56
1040.497
1041.01
1041.136
1041.176
1041.157
1040.187
1040.908
1038.275
1038.164
1037.082
1037.086
1037.146
1037.263
1037.238
1036.557
1036.641
1037.206
1036.172
1035.38
1034.801
1033.389
1032.505
1032.517
1030.86
1031.015
1030.886
1030.965
1031.267
1031.428
1031.762
1031.42
1030.822
1028.305
1027.694
1023.632
1023.653
1024.446
1025.014
1031.914
1031.895
1032.099
1035.625
1037.013
1036.856
1036.872
1036.762
1036.793
1037.235
1037.133
1037.026
1037.123
1037.136
1037.037
1037.254
1037.367
1036.728
1035.361
1027.93
1022.582
1018.764
1018.22
1014.81
1004.004
1000.711
992.6122
986.4664
983.2876
978.8698
976.2043
970.5038
963.336
957.9647
950.3969
948.9954
946.9028
940.9355
940.3459
939.1525
939.0181
936.1982
933.2958
931.6779
930.0506
920.9432
917.3876
914.459
910.7877
906.1927
902.7015
900.1701
899.0077
898.1385
897.4151
897.074
896.0624
894.9177
894.0765
893.6096
892.9039
891.7405
890.7762
889.8046
888.8731
888.5427
888.1254
887.6669
887.4873
887.3232
887.2787
886.9493
886.8095
886.7549
886.8315
886.8241
886.9249
886.9904
887.048
887.2398
887.3806
887.501
887.7496
887.9454
888.1183
888.1656
888.4261
888.6122
888.8486
889.0207
889.247
889.7717
890.3017
891.1666
893.78
894.0186
894.5394
895.6979
897.188
899.006
900.9638
902.6171
904.2137
908.0437
912.6612
916.2531
919.6799
921.8752
924.0817
926.8201
929.4504
931.237
933.976
935.7004
937.9562
940.4652
941.4993
942.7698
943.2756
945.0704
946.9459
948.5988
950.0037
950.6913
951.3092
951.4289
951.458
951.5323
951.5677
951.3071
951.1675
951.1366
950.8285
948.5201
947.4224
946.3645
946.3782
944.7272
943.663
942.4106
941.4906
940.1196
938.8253
937.963
937.4472
937.0031
936.463
935.9598
935.5244
934.9808
934.1489
933.2161
932.5347
931.9963
931.2425
930.9031
930.5303
930.2654
929.7231
929.4127
929.0309
928.6592
928.3242
927.7656
927.3506
926.7858
925.7288
925.2021
924.6305
923.7247
922.7795
921.7104
921.1995
920.4057
917.3684
915.6489
913.705
912.3285
911.3908
910.3289
909.3622
908.6561
907.7642
906.84
906.2065
905.6564
905.3973
905.1027
904.6562
904.36
904.2294
904.1084
903.9824
903.8125
903.5284
903.1881
902.908
902.8102
902.6094
902.5414
902.5389
902.353
902.14
901.9689
901.92
901.4175
901.214
900.8507
900.6356
900.5524
900.5034
900.6235
900.9735
901.4326
902.1765
903.233
904.3958
906.5399
907.719
909.3386
911.6912
913.6944
915.5842
917.9042
917.8537
919.8361
921.4489
921.4559
923.7774
926.2749
928.0142
929.522
931.6224
932.7706
934.4319
936.1205
938.765
942.1194
946.5701
951.119
956.7767
962.603
971.7886
978.5696
985.184
1000.166
1007.465
1016.143
1026.66
1032.833
1039.356
1047.496
1053.885
1058.689
1064.082
1068.713
1073.294
1077.167
1081.044
1085.119
1089.268
1092.947
1096.628
1100.38
1104.691
1106.688
1108.53
1111.477
1114.21
1116.263
1116.804
1118.547
1120.226
1121.458
1122.886
1124.566
1125.951
1127.307
1128.736
1129.511
1129.934
1130.232
1130.387
1130.348
1130.282
1130.888
1131.019
1130.922
1131.102
1132.167
1132.569
1132.98
1132.814
1132.863
1132.798
1132.807
1133.507
1133.802
1135.004
1135.416
1135.664
1135.839
1135.998
1136.169
1136.291
1136.98
1137.416
1137.575
1137.709
1137.804
1137.816
1137.841
1137.809
1137.779
1137.756
1137.746
1137.683
1137.621
1137.268
1136.409
1136.041
1135.66
1134.335
1132.795
1131.632
1112.197
1131.433
1127.589
1127.414
1126.88
1126.229
1125.812
1125.961
1125.952
1126.025
1125.426
1124.243
1122.882
1122.46
1121.667
1121.876
1121.026
1120.429
1119.918
1119.576
1119.269
1119.077
1118.685
1118.571
1118.461
1120.07
1119.886
1120.977
1120.681
1120.287
1119.997
1119.612
1119.722
1120.034
1119.754
1119.408
1119.583
1119.57
1120.136
1120.018
1119.959
1119.972
1119.932
1119.95
1119.793
1119.704
1119.946
1119.533
1118.86
1117.961
1116.791
1115.276
1113.295
1111.156
1108.633
1104.285
1101.633
1098.912
1096.391
1093.888
1090.833
1088.456
1088.314
1084.031
1083.276
1079.16
1076.952
1074.953
1073.666
1072.329
1071.259
1070.223
1069.39
1068.755
1068.345
1067.958
1067.462
1066.986
1066.725
1066.38
1066.192
1066.062
1065.873
1065.771
1063.264
1060.886
1061.423
1061.81
1061.916
1062.096
1062.232
1062.298
1062.4
1062.572
1062.737
1063.062
1064.497
1064.741
1066.059
1067.768
1069.476
1069.41
1068.931
1068.301
1067.346
1066.838
1066.691
1067.018
1067.474
1069.107
1069.743
1070.055
1070.404
1070.734
1070.969
1071.1
1071.154
1071.228
1071.241
1071.251
1071.39
1071.471
1071.546
1071.617
1071.618
1071.6
1071.479
1071.19
1070.755
1069.987
1069.041
1067.805
1066.123
1063.754
1061.37
1059.026
1056.504
1053.646
1051.5
1049.009
1046.906
1044.455
1042.601
1040.947
1039.422
1038.224
1038.381
1038.578
1038.261
1038.057
1037.926
1037.153
1037.265
1037.394
1037.07
1037.266
1037.245
1038.024
1038.457
1038.898
1039.192
1039.574
1039.847
1040.074
1040.132
1040.187
1040.079
1039.316
1037.02
1031.895
1027.845
1027.174
1025.012
1018.319
1005.199
1001.019
997.0528
992.9017
987.2302
982.7777
977.4534
973.5065
972.8032
970.9865
969.2773
962.9989
963.348
959.6793
956.7325
956.6407
956.9731
958.1938
957.9956
949.2656
949.2013
949.8719
950.1417
956.23
954.3564
954.8613
952.9451
952.8059
952.8207
952.7197
952.7468
952.9474
953.2901
953.9949
954.3242
954.5844
955.7443
955.8596
958.4015
958.3477
959.194
959.8603
960.4349
961.318
961.777
963.522
963.8604
964.3583
965.927
966.2474
966.7711
967.191
967.4044
967.5714
967.7719
967.872
968.0315
967.9401
968.0752
968.306
968.5284
968.5079
968.4861
965.3904
965.3735
965.3923
965.3624
965.3677
965.2795
965.3066
965.3504
966.1945
967.5225
967.6213
967.5975
967.8038
968.6431
968.3898
968.0887
967.4424
963.188
963.1494
962.8589
962.2574
955.117
950.1807
946.2988
941.6034
937.3857
935.6967
930.6559
929.975
925.5135
922.9671
920.6318
918.8544
917.5313
916.9501
915.1689
913.9676
912.8333
912.3196
911.8912
911.3557
911.1212
911.0984
911.2136
911.5468
912.0005
912.9451
914.2333
915.528
916.769
922.0253
922.8242
931.5204
932.9775
934.7051
943.2991
953.8881
955.7423
956.6558
956.611
956.9013
957.4929
958.4515
959.7377
966.4608
970.4781
975.2766
979.6356
984.8658
989.4689
994.0005
998.4924
1005.142
1010.97
1016.984
1021.777
1026.893
1031.491
1036.61
1040.356
1044.652
1048.894
1052.273
1055.451
1058.176
1060.44
1062.477
1064.328
1065.695
1067.007
1067.589
1067.892
1067.996
1067.756
1066.554
1063.783
1058.957
1052.844
1046.027
1039.644
1032.432
1024.079
1019.571
1013.618
1006.144
999.3995
993.829
988.8918
984.425
978.8278
974.4381
969.1049
967.1284
965.7531
960.8575
956.056
945.6345
939.1003
938.1228
936.2252
931.7156
928.8929
924.0259
919.7369
914.3646
911.0622
908.3756
906.6227
904.0615
902.1953
900.9103
899.585
898.3174
896.96
895.6104
894.7336
894.3087
892.5154
892.1605
896.4927
896.8427
888.0912
888.6204
887.7888
887.356
887.8419
888.2153
888.8515
889.4691
889.7122
890.3829
890.718
890.7437
890.8095
890.8815
891.0505
891.2331
891.3362
891.4366
891.5396
891.8074
892.0408
892.4641
892.9766
893.8138
894.7856
896.0734
897.2692
898.9217
900.1688
899.5596
900.6682
897.3876
897.0945
900.8356
902.0937
902.3813
902.4398
902.5139
902.7498
903.0346
903.5955
904.3757
905.0707
906.387
908.7298
911.2327
915.7439
918.9564
925.9188
927.1533
926.1337
927.0343
933.9865
940.5562
944.1272
947.9873
949.5399
951.8032
954.0083
961.9893
965.7642
969.0262
973.3175
978.0537
982.0416
986.2941
989.4319
993.112
996.8264
999.9754
1004.065
1006.758
1008.784
1010.719
1012.472
1013.723
1014.886
1016.055
1016.824
1017.408
1017.711
1018.37
1018.038
1015.073
1015.518
1015.96
1015.303
1015.506
1014.58
1022.394
1029.071
1028.906
1007.579
1005.443
998.781
995.9636
990.1785
986.3686
983.7402
982.0646
979.4198
976.7615
973.2556
971.9774
970.8764
969.5403
969.0245
968.0815
967.2088
967.1461
966.8518
965.7867
964.7528
964.0568
963.2235
963.3547
963.5872
964.083
964.8257
965.8727
966.9205
968.5977
970.1241
971.7687
973.7062
975.4275
976.9706
978.7133
980.3132
981.7129
983.5963
985.4797
987.8755
990.2567
993.2197
996.1327
999.0991
1002.306
1004.717
1006.969
1009.827
1012.117
1014.945
1017.075
1019.103
1020.692
1021.909
1022.871
1023.953
1024.735
1025.531
1026.288
1027.055
1027.915
1029.398
1030.352
1031.516
1033.121
1034.495
1035.746
1037.338
1038.81
1040.336
1041.802
1043.015
1044.422
1045.65
1047.085
1048.665
1050.008
1050.972
1052.313
1053.669
1054.416
1055.036
1055.847
1056.59
1057.545
1058.315
1058.852
1059.473
1059.973
1060.317
1060.749
1061.267
1062.03
1062.805
1063.458
1064.065
1064.746
1065.758
1067.014
1068.129
1069.465
1071.252
1072.61
1074.752
1076.714
1078.098
1080.074
1082.269
1083.437
1084.602
1085.621
1085.607
1086.84
1087.219
1087.814
1088.698
1092.949
1093.316
1097.399
1098.909
1100.08
1100.89
1101.456
1102.041
1102.447
1102.809
1102.952
1102.796
1102.799
1103.495
1103.482
1103.604
1104.28
1108.695
1108.654
1108.584
1108.041
1108.358
1108.758
1108.927
1109.132
1109.4
1109.597
1109.799
1109.954
1110.033
1110.205
1110.3
1110.335
1110.141
1109.791
1109.118
1108.188
1107.131
1105.447
1104.132
1102.348
1100.992
1099.549
1097.754
1095.822
1093.868
1091.688
1089.874
1088.346
1086.933
1085.841
1084.823
1083.543
1082.388
1081.12
1080.288
1079.158
1078.183
1077.697
1077.431
1076.78
1076.43
1076.43
1076.444
1076.54
1076.944
1077.191
1077.894
1078.663
1079.66
1080.93
1082.412
1084.084
1086.868
1089.277
1091.533
1094.035
1096.305
1098.444
1099.757
1101.193
1104.658
1105.753
1119.313
1119.085
1118.576
1116.637
1112.039
1111.613
1111.822
1112.05
1112
1112.142
1112.151
1112.147
1112.236
1112.162
1112.149
1112.292
1112.315
1112.216
1112.134
1112.013
1111.96
1111.94
1111.81
1111.701
1111.68
1111.53
1111.607
1111.515
1111.463
1111.39
1111.278
1111.283
1111.398
1111.422
1111.367
1111.43
1111.201
1111.156
1111.041
1110.921
1110.079
1110.14
1109.537
1109.607
1110.107
1109.987
1109.934
1110.98
1110.85
1110.178
1109.3
1108.861
1108.749
1110.827
1111.687
1112.582
1112.56
1112.542
1112.528
1112.534
1112.51
1112.467
1112.394
1112.372
1112.61
1112.952
1113.273
1113.559
1113.655
1113.884
1114.153
1114.315
1114.329
1114.238
1114.322
1114.257
1114.254
1114.19
1114.107
1114.065
1114.039
1114.014
1114.047
1113.945
1113.764
1113.635
1113.223
1113.07
1112.813
1112.597
1112.767
1112.948
1112.9